490
614
654
1548
1691
1912
2091
2277
2662
2717
2971
3177
3778
3792
4402
5062
5084
5784
6031
6501
6695
6819
6968
6996
7016
7866
8001
8388
8782
8987
9034
9274
9491
9534
9561
9924
11083
11557
11764
12115
12534
13072
13225
13226
14657
14805
15324
15597
15607
16877
17000
17247
17373
17376
17747
17858
18060
18512
18603
18975
19065
19175
19610
20936
21137
21316
21644
21707
22224
22303
22785
23952
24034
24325
24351
25775
25810
26144
26354
26729
27925
28077
28144
28792
28854
28878
29095
29301
29303
29527
29635
