490
614
833
1059
1397
1912
2061
2446
2662
3037
3177
3411
4236
4402
5062
5084
5572
5784
6310
6693
6819
6996
7479
8602
8782
9477
10232
10319
11083
11320
12111
12213
13006
14408
14718
14805
14877
15324
15760
15927
16887
16912
17247
17326
17373
17474
17747
17858
17884
18060
18736
18877
19645
19684
20268
20692
21386
21575
21707
22984
22988
23010
23403
24034
24325
24694
25339
25563
25655
25688
25810
25979
26144
26729
26730
26936
27276
27327
27384
27525
27635
27964
28077
28099
28144
28311
28657
28854
28863
28878
28881
28882
28883
29095
29188
29303
29527
