313
332
354
490
565
614
619
654
673
832
833
884
1059
1102
1191
1348
1397
1401
1440
1469
1545
1548
1623
1691
1912
2041
2061
2091
2110
2232
2277
2416
2446
2632
2662
2676
2717
2891
2971
3037
3177
3299
3369
3406
3411
3778
3792
3955
3992
4236
4288
4307
4402
4642
4683
5000
5052
5062
5084
5183
5572
5716
5784
6026
6031
6035
6040
6190
6310
6424
6501
6691
6693
6695
6819
6968
6996
7016
7105
7479
7518
7843
7866
8001
8078
8388
8602
8681
8768
8782
8937
8945
8987
9034
9113
9159
9180
9274
9477
9491
9511
9534
9561
9924
10232
10319
10323
10572
10818
11042
11083
11161
11207
11233
11320
11410
11538
11557
11704
11752
11764
12041
12111
12115
12160
12202
12208
12213
12355
12378
12464
12467
12473
12478
12491
12514
12534
12572
12578
12582
12600
12660
12685
12773
12793
12809
13072
13225
13226
13748
13768
13845
14229
14408
14604
14657
14718
14805
14836
14877
14912
14937
15324
15418
15597
15607
15720
15869
15888
15927
16075
16299
16329
16467
16877
16887
16912
17000
17247
17326
17373
17376
17410
17474
17639
17747
17825
17858
17884
18060
18149
18512
18603
18689
18736
18814
18877
18898
18975
19065
19137
19175
19542
19610
19632
19645
19684
20031
20256
20268
20281
20692
20823
20936
20980
21137
21147
21316
21386
21387
21575
21644
21646
21648
21707
21724
21784
21850
21893
21910
21911
21994
22207
22224
22303
22432
22604
22606
22785
22984
22988
23010
23119
23120
23185
23242
23403
23525
23952
23989
24022
24034
24325
24351
24368
24694
25156
25452
25494
25523
25563
25655
25691
25775
25810
25850
25979
26144
26152
26326
26354
26433
26729
26936
27046
27226
27276
27327
27384
27525
27635
27722
27925
27964
27999
28077
28099
28144
28229
28280
28283
28376
28378
28657
28708
28792
28854
28863
28878
28881
28882
28883
28896
28915
28968
28969
29085
29095
29140
29188
29254
29301
29303
29410
29515
29527
29567
29573
29635
